[[[252 231 180]
  [253 231 183]
  [254 231 183]
  ...
  [152 120  85]
  [151 119  84]
  [156 127  88]]

 [[252 232 184]
  [254 232 184]
  [254 230 184]
  ...
  [162 126  88]
  [162 125  91]
  [165 130  96]]

 [[252 232 184]
  [254 231 185]
  [254 231 185]
  ...
  [184 149 106]
  [188 148 113]
  [188 147 114]]

 ...

 [[ 77  53  31]
  [ 77  53  31]
  [ 75  50  30]
  ...
  [ 74  69  60]
  [ 77  75  67]
  [ 92  89  84]]

 [[ 76  52  28]
  [ 82  55  34]
  [ 78  51  30]
  ...
  [102 102  90]
  [112 111 101]
  [128 125 120]]

 [[ 76  52  32]
  [ 81  54  34]
  [ 77  49  32]
  ...
  [123 125 125]
  [108 109 113]
  [ 95  93  99]]]
